69.)-

16666 6666661) 6. sommum

JNDEX 66666616 s, 6661666666.

Genesis 1, 11 366.

- 66 16666666.
-67 1552. 2320.
-666
616 6366.
4, 3 346.

66 666666

336.

-24 1266. Fabr.
6, 9 1266. Fabr.

9, 3 361).
9, 26 12 66. Fabr

- 27 12 66. Fabr.
12,13edFa1›r.
- 1 15661616.

— 2 3666.
- 7 2336,
- 17 1766.
14,18 2236.
- 19 106.

14, 22 13 ed. Fabr.

106.
16, 6 141).
--16 3846.
17, 1 2336.

1·ῗῖ 16 663616. Fabr.
466. 2336.

- 18 3666.
- 23 2346.
19, 23 2326.
20, 3 1766.
- 7 1766.
26, 3 466.
- 4 1363666.
28,10 116. 2361).
- 13 3676.
31,11 11162366.
32, 1 2376.

·- 2 2376.

Genesis 32, 22 2366.

36, 1 2386.
- 2 1366. Fabr.
36,11 466. 3676.
— 19 3476.
42, 4 116.
48, 7 3476.
49, 1 3661).
- 8 3606.
- 94266.
- 10 66606966.
3326.
- 11 3791).
3, 1 2306.
- 4 2466.
— 14 1466.
8.19 936.
13, 21 2411).
14,19 2386.
- 21 926.
16, 4 921).
19, 9 2411).
20, 2 2426.
- 19 4446.
23,17 18 66 Fabr.
— 20 2426.
- 30 1961).
24, 9 2466.
26, 40 1726.
31,18 936.
32, 7 3836.
- 44 2421).
33, 1 2421).
33. 9 2411).
- 17 2431).
- 20 2376.

34, 6 2436.

- 23 18 6611666.
.. 66 926

,- 29 936

 

