698 INDEX LOOORUM 8. SCRIPTURAE.
Matth. 27. 53 1661.

111111, 10,)1) 1881.
-11 2980.
- 84 1880.
11, 27 1481. 2181.
- 88 881. 1881.
musta

- 18 971).
- 27 9311.

, 18,10 4141.

- 17 381.

14, 22 4181.

— 25 926.

11, 24 4481.

18, 8 820.

- 15 1211).

17, 2 9711

18,18 4251. '

- 20 2521).

19,12 1261).

20,16 8011.

21, 2 3791145611.
- 9 26614591).

- 13 4011.

- 43 4451.
22 15 4685.
23, 32 3841.

- 35 3851144511.

- 31 1891).

·- 38 40111.
24,14 13611.
-- 15 4031.

25, 35 161).

26,14 4681. 4791.
- 21 47511.
- 38 47211.
· - 42 2241.
- 47 4761.
- 48 47511.

- 55 4761)

21, 3 48011.
-25 4061).
- 21 5041.
-35 5051).

- 39 4981.

- 40 47111.

- 45 29211.

- 46 4861. 49011.
-· 51 2921).

88, 1 4831.
-11 311

‹ — 19 611911. 241.

Luc.

13211. 1361).
1381. 4451.
- 20 1381. 2521).

. 1, 2 4300.

- 13 2721), 43311.

- 17 1351).

- 24 27211.

2,11 10711.

- 14 11911.

8, 29 1211.

14,10 4681. 4791.

- 54 29211.

- 66 1211.

15, 29 49811.

- 33 4925.

16, 2 4931).

1, 26 3291).

- 30 3391.

- 32 3531).

- 35 49911.

- 41 5001.

- 68 3531).

- 80 4301).

2,1 34111.

-· 13 1631

2, 29 6011 4295
3851).

3,1 3651139811.
4281.

4, 1 921).

- 16 4425.

- 18 28611.

- 20 19311.

- 21 881.

5, 27 11911.

6,13 1201.

- 21 158.

7, 33 43011.

10, 1 9311

-19 488a

12, 49 2121. 30611

- 51 2931

21, 20 4031.

 

