INDEX LOCORUM S. SORIPTL'RAE.
. 21, 24 32111.

22, 3 46811.
- 4 4790.
-14 29211.
23, 46 1031116610.
- 55 49811.
24. 1 49211.
1, 1 1690. 21011.

228 d. 309 (1.

- ὁ 4730.

-· 9 19411. 25411.
4290.

·- 15 43611.

- 18 24611.

- 21 44511,

- 29 370. 19811.
4291111620.

2, 2 3850.

- ll 4390.

- 16 4910.

- 3⁰ 3920.

4,19 2930. 48811.

-- 23 190.

- 35 4491.

5, 8 19711.

- 22 4491).

- 39 711011.

- 43 2660. 45911.

6, 41 34911.

8,12 25411.

·- 49 49311.

10,18 4¹12a.

11, 39 49711.

12, 27 47211.

- 37 3120. 4541).

- 41 31911.

13, 4 46611.

14, 9 2620.

17), 1 3790.-

16, 29 1191.

- 33 11911.

17, 3 2440.

18,18 2931148811.

19, 23 59710.

- 34 6941),

20, 1 4931).

- 17 711180.

- 22 13811.

699

Act. 1, 4 401111.
- 9 2891.
-- 19 47411.
23 47511.
3, 9 11911,
-- 22 2311.
- 23 2811.
1), 211 11111.
7, 37 2110.
111, 34 38611.
1412 1391).
15,10 6114491).
11211 147111.
19,19 1280,
1, 1 35111).
111 38611.
-- 211 15711.
-- 21 1119113641.
-- ⁶25 364a.
2, 23 371811.
3, 2 1111.
--- 29 asoa.
·— 31) 211411.

Rom.

5, 12 3130.
-- 18 411211.
8, 3 2611.
- 32 431111.
3,Ξῖ 11223111.
111, 1 33111.
-- 15 3911.
11, l 1121111111.
- 1111111. 1311.
231111. 323 1·.
32911.
·· 2-1 23711.
-- 211 1111111.
- 311 111111.
12, lg {1901
¹ 11111
1.(101. 1, 211 411911
3-1 111211. ’211111
2121121ἷὶὶ.
· 311 :wrm
3, 11 111111.
3, 11 32311.
13 1111111,
1, 33 3111.

 

