696 INDEX LOOORUM ,8. SCRIPTURAE.

Esai. 35, 1 30004315. 286 03880,
- 3 4470. 4420.
37, 31 790. Esai. 01, 2 4490.
38, 3 4245. 65, 8 800.
40, 3 4285. - 15 80113050.
- 9 895. 66, 8 5100.

41, 1 45011. Jerem. 1,14 2900.

42, 1 5100111310

a.451d.
-10 610.
- 4 md.
»- 0 2850.
43,18 5711.
45,12 2250.
- 14 2250.
- 22 5811.
48,12 23063025.

. 49, 1 481). 521).

49, 6 480. 525.
’,- 7 520.
- 8 620.
50, 1 580. 2830.
3020.
—— 2 4451).
- 10 590.
51, 4 5811,
52, 5 3030.
- 7 890.
- 15 4040,
53, 1 970.
- 2 98018611.
- 4 360. 1980.
49511.
-50 46711.
- 7 360. 4260.
4620.
- 8 995. 1435.
- 2161140211.
- 10 930.
- 12 1000.
51, 1 1010.
55, 3 5311.
56,10 5050.
58, 9 5080.
59, 1 5811.
- 19 590.
61. 1 885. 1760.
19711. 2180.

3, 4 2830.
- 14 830.
4,11 4730.
5. 0 840.
0,16 5311.
- 20 4325.
11, 16 2870.
—- 13 3011.
12, 7 4830.
16,19 54102540.
17, 1 4840.
23, 6 3575.
- 24 44611.
30, 8 3575.
81, 31 810220.
- 33 610.
31:38, 31 2911.
4, 20 1900.
0, 7 845.
11, 16 8411.

1 - 22 2880.

1214 852.
14, 21 852.
20, 36 850.

. 7, 9 4551).

- 10 2460.
9, 2 3950.
- 16 3830.
- 20 35611.
-— 26 3960.
2, 2 28311.
·- 23 6111.
3,12 4730.
10,14 4260.
11, 3 2490.
13,14 16611.
4,11 2505.
- 12 1880.
8, 7 4850.
9, 1 29111.
- 9 540.

 

