INDEX 1000111111 8. SCRIPTURAE. 695

Psalm. 108, 16 4771.

111, 1 1111.
- 1 1761. 3101.
111, 1 1111.
111, 1 1111.
- 22 4591.
111, 11 111.
- 25 2661.
123, 4 2241.
111, 1 1111.
111, 1 11111411.
- 3 4361).

- 11 971. 1871.

1111.
111, 1 411.
111, 1 111.
, 111, 1 1111.
111, 11 1111.
- 12 1111.
111, 1 1111.

Proverb. 8, 12 21111.

- 22 101.
- 25 18311. 21611.
- 27 21611.

01111.01111.1,2 1941. 2161.
Esai. 1, 3 6311.

-· 7 631.

- 8 561).

- 9 28611.

— 10 651).

- 11 1921143211.
- 15 651.

.- 21 561).

- 30 561). 661).

1, 1 111. 111.

2741).
- 3 81.
- 4 4581.
3, 1 6711.
- 8 681).
- 9 651.
- 12 4401.
4, 2 65116811.
5, 1 2871.
- 4 2871132511.
6, 1 3091145411.

·- 969c.3280.404a,

Esai. 6, 10 701.

- 11 19211.
—- 13 7011.
7, 4 3301.
- 9 3151.
- 14 7111. 981.
- 18 32011.
- 21 711.
8, 1 3281.
- 5 3321.
- 16 4501).
9, 1 481). 3361.
4381.
- 3 1001.
- 6 16412361).
10,13 15811.
—- 17 721).
- 20 7311.
- 33 7411. 41011.
11, 1 511. 751. 96
. 1). 35511.
- 2 4731.
- 6 961.
- 9 7511.
- 10 511. 741).
3601.
11, 14 771).
13,11 771.
14, 9 50311.
- 12 1591).
- 14 1606.
17, 3 4101.

“ - 4 7711.

- 5 5611.

- 12 4111.

19, 1 29511. 4131.
4211).

- 19 1916064131.

21,10 781.

24, 4 7811.

- 12 781.

25, 1 391571).

- 6 391.

- 8 16611.

27, 1 29011.

28, 3 791.

- 16 2711.

29,11 88611.

 

