INDEX Locomm 8. SCRIPTURAB.

m. 9, 9 10063596.
- 7 1696. 9696.
- 8606. 4196.
4446.
9,13 101b
-90 76 916 4456
16,10 101b.
17, 9 9586.
18,1 4956.
- 8 9676.
19, 1 1846.
- 3 1846.
- 4 696.

»- 6 1641.
61, 1 4666.

—- 19 4736.
—- 99 3766.
- 97 466.
99, 5 396.
- 18 3386.
93, 7 9606.
- 9 3116.
78 1856.
30, 3 101b.
39, 6 9986
40, 1 386. 4636.
4776.
40, 6 386. 3806.
44, 1 1796.

- 6 1746. 1996.

3106.
- 7 9176.
45, 6 9716.
46, 1 466. 9596.
— 4 4396.
47, 8 606.
- 9 606.
49,1 9616.
50,14 396
—- 17 406.
51,17 396.
69, 8 9886.
64, 1 4716.
66, 1 4466.
67,11 10061916.
- 94 4416.
68,11 696896.
69, 9 4476.

Ρ161111. 71, 1 496. 3536.

4496.
71, 7 4106.
- 8 976. 3766.
4686.
- 9 9986.
71, 41 976.
- 17 976.
79, 7 34663865.
- 8 3606.
- 11 606.
- 17 606,
73, 1 4646.
74,13 4476.
78,1 4646.
83. 7 9696.
- 9 1856.
86, 8 476.
88, 3 9696.
- 4 3616.
-94 1916
- 96 976. 9696.
3616. 3766,
- 99 3515.
- 36 3516.
- 36 9696.
- 38 1876.
89, 96 3386.
- 97 3596.
- 35 3386.
- 38 3386.
90, 1 4336.
- 9 9486.

, 66, 1 1111116611

96, 7 606.
—- 10 1606.
97, 1 606. 9636.
- 9 616.
98, 1 76.
103,16 1736.
104, 5 1756. 311
*- 15 9186.
106,19 196.
- 15 1896.
106, 8 9646.
- 90 9986.
- 98 4186.
108, 1 4746.

 

